# Frame list with one line of data per frame:
#   FRAME_ID, RIG_ID, RIG_FROM_WORLD[QW, QX, QY, QZ, TX, TY, TZ], NUM_DATA_IDS, DATA_IDS[] as (SENSOR_TYPE, SENSOR_ID, DATA_ID)
# Number of frames: 30
1 1 0.99936590056321328 -0.011110861463119846 -0.014114626975972594 -0.030742850459163067 5.173306505950154 -0.73542721867991157 0.56451482412242682 1 CAMERA 1 1
2 1 0.99940179045476829 -0.01105636731529233 -0.011450707691744106 -0.03070340813250446 4.9674441733058528 -0.71111257924990301 0.50664864039129143 1 CAMERA 1 2
3 1 0.99940179241046767 -0.011051826969247797 -0.011452619065908996 -0.030704266216888938 4.9673511645045476 -0.71120249234830857 0.50612680100898466 1 CAMERA 1 3
4 1 0.99943866249513535 -0.01093312348893948 -0.0084285909092864791 -0.030525162997021332 4.6972159069025539 -0.67304286684798165 0.44682131267365238 1 CAMERA 1 4
5 1 0.99946896312353017 -0.010979455276373845 -0.0052805486876752383 -0.030221831846642722 4.4162136483722216 -0.64460915657141227 0.38165083516228626 1 CAMERA 1 5
6 1 0.99948752929981555 -0.011039792033038677 -0.0022108740711334961 -0.029965209858421497 4.1438173519237083 -0.62775631158920919 0.32006051160362586 1 CAMERA 1 6
7 1 0.99949394289227456 -0.01104942422770991 0.0010175883144540607 -0.029811622899688774 3.8871195496894586 -0.60925204270200661 0.28543698691044317 1 CAMERA 1 7
8 1 0.99949394289227456 -0.01104942422770991 0.0010175883144540607 -0.029811622899688774 3.8871195496894586 -0.6092520427020065 0.2854369869104435 1 CAMERA 1 8
9 1 0.99948691529778066 -0.011080228418808988 0.0048544000653044771 -0.029657536760833502 3.5912365354064373 -0.59139433597484148 0.21981688076829514 1 CAMERA 1 9
10 1 0.99946137996652618 -0.011119000730668613 0.0090144682956591771 -0.029530613598520557 3.2909017670254874 -0.56279382308200909 0.1591506987252225 1 CAMERA 1 10
11 1 0.99942234416745301 -0.011238531443106213 0.012813581735882311 -0.029402134496216419 3.0245592040355791 -0.53960939350752668 0.11965371955385996 1 CAMERA 1 11
12 1 0.9993659242354499 -0.011233071460623027 0.016959090270771603 -0.029222539926799976 2.7526719859827797 -0.51121983022783501 0.10162133454492239 1 CAMERA 1 12
13 1 0.9993659242354499 -0.01123307146062303 0.016959090270771599 -0.029222539926799976 2.7526719859827797 -0.51121983022783524 0.101621334544922 1 CAMERA 1 13
16 1 0.99907622221770975 -0.011040056001619988 0.029915110107735253 -0.028808081329942926 1.8687258157578479 -0.39932236937994309 0.028755208452608455 1 CAMERA 1 16
20 1 0.99857328890371644 -0.011128809231681398 0.044076558658232554 -0.028014161953322826 0.87126901479667651 -0.32175030104867652 0.028264174792328258 1 CAMERA 1 20
21 1 0.99834619081645715 -0.011084315500631103 0.048737381924888259 -0.028402268135842158 0.58496073947280736 -0.28137134612503556 0.0049715620026914223 1 CAMERA 1 21
26 1 0.99736713185803227 -0.010290177666812318 0.066524796638773073 -0.026969760196151538 -0.65779536833590835 -0.096115794713263897 0.076383730768369767 1 CAMERA 1 26
35 1 0.99554782096389327 -0.0073129191107601053 0.09064193352327371 -0.024801154716786393 -2.5058600847966797 0.42739292989666383 0.38996932638745863 1 CAMERA 1 35
38 1 0.99512493230575316 -0.0072592705646921454 0.09514315063720731 -0.024928958685920311 -2.8543977218413032 0.46168280091417518 0.39809879239500712 1 CAMERA 1 38
42 1 0.99439829398899393 -0.0070826120946514423 0.10251997194884152 -0.02472902887911034 -3.5328145907348287 0.5758481921617985 0.50397223020130855 1 CAMERA 1 42
44 1 0.99419512789379316 -0.0063910525586552266 0.10443818918350939 -0.025057269594001175 -3.7240123854899334 0.67351010580567172 0.58065059813676467 1 CAMERA 1 44
45 1 0.99406593304700908 -0.0063437067799135445 0.10559456590623237 -0.025346908899199199 -3.8672722556576677 0.68601590695810133 0.59711059033512914 1 CAMERA 1 45
48 1 0.99387057094048314 -0.0059437796723900834 0.1072196236759731 -0.026266175976471198 -4.1082533304415696 0.77182168867400092 0.60164976093489542 1 CAMERA 1 48
49 1 0.993675086690745 -0.0059683635044815936 0.1090790973933037 -0.025999062273108664 -4.3454108041423085 0.75073271771189098 0.60598983553707741 1 CAMERA 1 49
50 1 0.99353238641192276 -0.0059409847140075101 0.11036040252995298 -0.026051552826744616 -4.5135819643729 0.77821532145771222 0.61887715523911002 1 CAMERA 1 50
51 1 0.99339647885940086 -0.0057460317692581905 0.1114603886937227 -0.026589484028374979 -4.6581209288213676 0.829090846162998 0.62452029168357992 1 CAMERA 1 51
52 1 0.99329541827308221 -0.0059985519459139214 0.1125379360258993 -0.025757375007665076 -4.8360080357672892 0.79700661498071201 0.63502354535152761 1 CAMERA 1 52
53 1 0.99327746689620799 -0.0058136218786678344 0.11268130335062528 -0.025865023334781329 -4.8469882260545436 0.81468636624855184 0.65096032671392745 1 CAMERA 1 53
58 1 0.99276324382835812 -0.006510113137735099 0.11729363776312328 -0.024919122589351625 -5.697157269695051 0.80077591205475651 0.51390637149774787 1 CAMERA 1 58
60 1 0.99243861981236936 -0.0073502019983168595 0.11991678023803867 -0.025130186088554121 -6.1685466396370412 0.77390105653285457 0.43955354423427256 1 CAMERA 1 60
